0.3766038399292687 0.2536279536516445
0.34922225973367094 0.07365800682533796
0.899311431438856 0.15497702139821068
0.6774415204564367 0.7187831209200227
0.08331128636647067 0.9116013942529765
0.11247330213075324 0.3187194574498353
0.6731005055101175 0.5839354166164602
0.4291344312204738 0.5740222774724144
0.6250629797010727 0.14063310596915646
0.7610132838103479 0.8416485388986792
0.055629000545788676 0.9944792727307393
0.42743616424809194 0.6521631023176857
0.6368351029512954 0.3365401110342371
0.5000327031873417 0.662633967805789
0.31397054447890904 0.7249096177777473
