0.46407690767094956 0.34417382620774095
0.16696909959774608 0.951367996452724
0.4709543904043889 0.8296664624842264
0.4622859551871127 0.7612418390341033
0.8219172338288695 0.7072921489884237
0.3400178318766929 0.6770313070871242
0.2866805456524576 0.8691480297596919
0.5200850523718418 0.05173176854518435
0.11853852142578891 0.28169956190558554
0.5652696212549218 0.11593535400159838
0.9995384445293183 0.5215356917177567
0.15461666003871122 0.3182955234146727
0.5976646732078151 0.16254791913614242
0.06963770522829849 0.5345581172661409
0.68054809946986 0.3242643994233154
