0.3350970991951169 0.26077614066081756
0.5849076022396993 0.7299332619375726
0.7273207959427026 0.5733843680224817
0.47536341770922763 0.9829848605519244
0.44855870269954445 0.2642307603135732
0.4501081494961787 0.1622818515895178
0.5699967593272429 0.07180004064880752
0.6351092773360764 0.014981000033872371
0.8102886404253408 0.5825824574570306
0.5838224230326011 0.08443901593834635
0.5931574671574847 0.20856660807051042
0.6656955313874848 0.8306458352950039
0.7475499961693126 0.2685626832944351
0.6911333333607157 0.2747968383706547
0.4619430044830626 0.48832256762167314
